Starting
Done initialising array
1K: err=0 t=0.051823 seconds
4K: err=0 t=0.204272 seconds
16K: err=0 t=0.812775 seconds
64K: err=0 t=3.246672 seconds
Done
dotP[0]=1240.000000.
dotP[1]=1240.000000.
dotP[2]=1240.000000.
dotP[3]=1240.000000.
dotP[4]=1240.000000.
dotP[5]=1240.000000.
dotP[6]=1240.000000.
dotP[7]=1240.000000.
dotP[8]=1240.000000.
dotP[9]=1240.000000.
dotP[10]=1240.000000.
dotP[11]=1240.000000.
dotP[12]=1240.000000.
dotP[13]=1240.000000.
dotP[14]=1240.000000.
dotP[15]=1240.000000.
